38
1 2589
3 2568
6 3115
10 2614
2 2556
4 2955
7 3158
11 2765
12 3682
14 14161
17 2520
21 2557
13 2779
15 2636
18 2619
22 2627
23 4274
25 2607
28 2560
32 2573
24 2509
26 6968
29 3667
33 2662
3 2577
5 2517
8 2534
12 6098
4 2977
6 3313
9 2620
13 2796
5 2504
7 3607
10 2571
14 5928
15 2619
17 2589
20 2572
24 2482
16 2602
18 2649
21 2474
25 2620
26 5760
28 2602
31 3424
35 2542
27 3207
29 3594
32 2526
36 2617
6 3346
8 2541
11 2700
15 2541
7 3208
9 2558
12 5134
16 2611
8 2507
10 2583
13 2835
17 2532
9 2659
11 2663
14 5079
18 2714
19 3372
21 2481
24 2497
28 2649
20 2587
22 2640
25 2633
29 3886
30 3324
32 2530
35 2553
1 2639
31 3734
33 2708
36 2633
2 2525
10 2589
12 4018
15 2613
19 3410
11 2661
13 2851
16 2594
20 2589
17 2557
19 3488
22 2631
26 3574
18 2644
20 2659
23 2951
27 3128
28 2574
30 3064
33 2659
37 2598
29 3558
31 3560
34 2551
38 2749
14 6183
16 2550
19 3667
23 4328
22 2612
24 2486
27 3046
31 3634
21 2459
23 4010
26 3952
30 3197
32 2517
34 2581
37 2544
3 2581
33 2693
35 2568
38 2611
4 2923
25 2645
27 3162
30 3007
34 2569
35 2562
37 2594
2 2500
6 3651
34 2594
36 2593
1 2582
5 2527
36 2616
38 2619
3 2568
7 5120
37 2566
1 2588
4 2848
8 2493
38 2607
2 2480
5 2547
9 2603
