25
1 2652
3 2600
6 2570
10 2500
2 2545
4 8891
7 2712
11 2823
3 2587
5 2605
8 2952
12 2654
4 5798
6 2616
9 2547
13 2579
5 2671
7 2720
10 2487
14 3329
6 2624
8 2859
11 2771
15 3043
7 2620
9 2505
12 2580
16 2763
8 2980
10 2489
13 2572
17 2775
9 2490
11 2785
14 3146
18 2885
10 2455
12 2520
15 2916
19 2590
11 2809
13 2595
16 2811
20 2821
12 2502
14 3175
17 2748
21 2748
13 2609
15 2986
18 2992
22 4136
14 3063
16 2755
19 2547
23 2532
15 2876
17 2744
20 2739
24 2989
16 2831
18 2900
21 2651
25 2867
17 2750
19 2565
22 4148
1 2675
18 2951
20 2721
23 2597
2 2639
19 2579
21 2700
24 2780
3 2626
20 2739
22 3972
25 2855
4 10878
21 2736
23 2539
1 2642
5 2608
22 4070
24 2739
2 2488
6 2620
23 2606
25 2929
3 2573
7 2628
24 2848
1 2688
4 2933
8 2974
25 3022
2 2506
5 2622
9 2463
